----------A vector----------
                       0           1           2           3           4           5           6           7           8           9          10          11          12          13          14          15          16          17          18          19          20          21          22          23          24          25
           0    0.025000(0,0)    0.014583(0,1)    0.002083(0,2)    0.000000(0,3)    0.000000(0,4)    0.000000(0,5)    0.000000(0,6)    0.000000(0,7)    0.000000(0,8)    0.000000(0,9)    0.000000(0,10)    0.000000(0,11)    0.000000(0,12)    0.000000(0,13)    0.000000(0,14)    0.000000(0,15)    0.000000(0,16)    0.000000(0,17)    0.000000(0,18)    0.000000(0,19)    0.000000(0,20)    0.000000(0,21)    0.000000(0,22)    0.000000(0,23)    0.000000(0,24)    0.000000(0,25)
           1    0.014583(1,0)    0.041667(1,1)    0.026042(1,2)    0.001042(1,3)    0.000000(1,4)    0.000000(1,5)    0.000000(1,6)    0.000000(1,7)    0.000000(1,8)    0.000000(1,9)    0.000000(1,10)    0.000000(1,11)    0.000000(1,12)    0.000000(1,13)    0.000000(1,14)    0.000000(1,15)    0.000000(1,16)    0.000000(1,17)    0.000000(1,18)    0.000000(1,19)    0.000000(1,20)    0.000000(1,21)    0.000000(1,22)    0.000000(1,23)    0.000000(1,24)    0.000000(1,25)
           2    0.002083(2,0)    0.026042(2,1)    0.068750(2,2)    0.027083(2,3)    0.001042(2,4)    0.000000(2,5)    0.000000(2,6)    0.000000(2,7)    0.000000(2,8)    0.000000(2,9)    0.000000(2,10)    0.000000(2,11)    0.000000(2,12)    0.000000(2,13)    0.000000(2,14)    0.000000(2,15)    0.000000(2,16)    0.000000(2,17)    0.000000(2,18)    0.000000(2,19)    0.000000(2,20)    0.000000(2,21)    0.000000(2,22)    0.000000(2,23)    0.000000(2,24)    0.000000(2,25)
           3    0.000000(3,0)    0.001042(3,1)    0.027083(3,2)    0.068750(3,3)    0.027083(3,4)    0.001042(3,5)    0.000000(3,6)    0.000000(3,7)    0.000000(3,8)    0.000000(3,9)    0.000000(3,10)    0.000000(3,11)    0.000000(3,12)    0.000000(3,13)    0.000000(3,14)    0.000000(3,15)    0.000000(3,16)    0.000000(3,17)    0.000000(3,18)    0.000000(3,19)    0.000000(3,20)    0.000000(3,21)    0.000000(3,22)    0.000000(3,23)    0.000000(3,24)    0.000000(3,25)
           4    0.000000(4,0)    0.000000(4,1)    0.001042(4,2)    0.027083(4,3)    0.068750(4,4)    0.027083(4,5)    0.001042(4,6)    0.000000(4,7)    0.000000(4,8)    0.000000(4,9)    0.000000(4,10)    0.000000(4,11)    0.000000(4,12)    0.000000(4,13)    0.000000(4,14)    0.000000(4,15)    0.000000(4,16)    0.000000(4,17)    0.000000(4,18)    0.000000(4,19)    0.000000(4,20)    0.000000(4,21)    0.000000(4,22)    0.000000(4,23)    0.000000(4,24)    0.000000(4,25)
           5    0.000000(5,0)    0.000000(5,1)    0.000000(5,2)    0.001042(5,3)    0.027083(5,4)    0.068750(5,5)    0.027083(5,6)    0.001042(5,7)    0.000000(5,8)    0.000000(5,9)    0.000000(5,10)    0.000000(5,11)    0.000000(5,12)    0.000000(5,13)    0.000000(5,14)    0.000000(5,15)    0.000000(5,16)    0.000000(5,17)    0.000000(5,18)    0.000000(5,19)    0.000000(5,20)    0.000000(5,21)    0.000000(5,22)    0.000000(5,23)    0.000000(5,24)    0.000000(5,25)
           6    0.000000(6,0)    0.000000(6,1)    0.000000(6,2)    0.000000(6,3)    0.001042(6,4)    0.027083(6,5)    0.068750(6,6)    0.027083(6,7)    0.001042(6,8)    0.000000(6,9)    0.000000(6,10)    0.000000(6,11)    0.000000(6,12)    0.000000(6,13)    0.000000(6,14)    0.000000(6,15)    0.000000(6,16)    0.000000(6,17)    0.000000(6,18)    0.000000(6,19)    0.000000(6,20)    0.000000(6,21)    0.000000(6,22)    0.000000(6,23)    0.000000(6,24)    0.000000(6,25)
           7    0.000000(7,0)    0.000000(7,1)    0.000000(7,2)    0.000000(7,3)    0.000000(7,4)    0.001042(7,5)    0.027083(7,6)    0.068750(7,7)    0.027083(7,8)    0.001042(7,9)    0.000000(7,10)    0.000000(7,11)    0.000000(7,12)    0.000000(7,13)    0.000000(7,14)    0.000000(7,15)    0.000000(7,16)    0.000000(7,17)    0.000000(7,18)    0.000000(7,19)    0.000000(7,20)    0.000000(7,21)    0.000000(7,22)    0.000000(7,23)    0.000000(7,24)    0.000000(7,25)
           8    0.000000(8,0)    0.000000(8,1)    0.000000(8,2)    0.000000(8,3)    0.000000(8,4)    0.000000(8,5)    0.001042(8,6)    0.027083(8,7)    0.068750(8,8)    0.027083(8,9)    0.001042(8,10)    0.000000(8,11)    0.000000(8,12)    0.000000(8,13)    0.000000(8,14)    0.000000(8,15)    0.000000(8,16)    0.000000(8,17)    0.000000(8,18)    0.000000(8,19)    0.000000(8,20)    0.000000(8,21)    0.000000(8,22)    0.000000(8,23)    0.000000(8,24)    0.000000(8,25)
           9    0.000000(9,0)    0.000000(9,1)    0.000000(9,2)    0.000000(9,3)    0.000000(9,4)    0.000000(9,5)    0.000000(9,6)    0.001042(9,7)    0.027083(9,8)    0.068750(9,9)    0.027083(9,10)    0.001042(9,11)    0.000000(9,12)    0.000000(9,13)    0.000000(9,14)    0.000000(9,15)    0.000000(9,16)    0.000000(9,17)    0.000000(9,18)    0.000000(9,19)    0.000000(9,20)    0.000000(9,21)    0.000000(9,22)    0.000000(9,23)    0.000000(9,24)    0.000000(9,25)
          10    0.000000(10,0)    0.000000(10,1)    0.000000(10,2)    0.000000(10,3)    0.000000(10,4)    0.000000(10,5)    0.000000(10,6)    0.000000(10,7)    0.001042(10,8)    0.027083(10,9)    0.068750(10,10)    0.027083(10,11)    0.001042(10,12)    0.000000(10,13)    0.000000(10,14)    0.000000(10,15)    0.000000(10,16)    0.000000(10,17)    0.000000(10,18)    0.000000(10,19)    0.000000(10,20)    0.000000(10,21)    0.000000(10,22)    0.000000(10,23)    0.000000(10,24)    0.000000(10,25)
          11    0.000000(11,0)    0.000000(11,1)    0.000000(11,2)    0.000000(11,3)    0.000000(11,4)    0.000000(11,5)    0.000000(11,6)    0.000000(11,7)    0.000000(11,8)    0.001042(11,9)    0.027083(11,10)    0.068750(11,11)    0.027083(11,12)    0.001042(11,13)    0.000000(11,14)    0.000000(11,15)    0.000000(11,16)    0.000000(11,17)    0.000000(11,18)    0.000000(11,19)    0.000000(11,20)    0.000000(11,21)    0.000000(11,22)    0.000000(11,23)    0.000000(11,24)    0.000000(11,25)
          12    0.000000(12,0)    0.000000(12,1)    0.000000(12,2)    0.000000(12,3)    0.000000(12,4)    0.000000(12,5)    0.000000(12,6)    0.000000(12,7)    0.000000(12,8)    0.000000(12,9)    0.001042(12,10)    0.027083(12,11)    0.068750(12,12)    0.027083(12,13)    0.001042(12,14)    0.000000(12,15)    0.000000(12,16)    0.000000(12,17)    0.000000(12,18)    0.000000(12,19)    0.000000(12,20)    0.000000(12,21)    0.000000(12,22)    0.000000(12,23)    0.000000(12,24)    0.000000(12,25)
          13    0.000000(13,0)    0.000000(13,1)    0.000000(13,2)    0.000000(13,3)    0.000000(13,4)    0.000000(13,5)    0.000000(13,6)    0.000000(13,7)    0.000000(13,8)    0.000000(13,9)    0.000000(13,10)    0.001042(13,11)    0.027083(13,12)    0.068750(13,13)    0.027083(13,14)    0.001042(13,15)    0.000000(13,16)    0.000000(13,17)    0.000000(13,18)    0.000000(13,19)    0.000000(13,20)    0.000000(13,21)    0.000000(13,22)    0.000000(13,23)    0.000000(13,24)    0.000000(13,25)
          14    0.000000(14,0)    0.000000(14,1)    0.000000(14,2)    0.000000(14,3)    0.000000(14,4)    0.000000(14,5)    0.000000(14,6)    0.000000(14,7)    0.000000(14,8)    0.000000(14,9)    0.000000(14,10)    0.000000(14,11)    0.001042(14,12)    0.027083(14,13)    0.068750(14,14)    0.027083(14,15)    0.001042(14,16)    0.000000(14,17)    0.000000(14,18)    0.000000(14,19)    0.000000(14,20)    0.000000(14,21)    0.000000(14,22)    0.000000(14,23)    0.000000(14,24)    0.000000(14,25)
          15    0.000000(15,0)    0.000000(15,1)    0.000000(15,2)    0.000000(15,3)    0.000000(15,4)    0.000000(15,5)    0.000000(15,6)    0.000000(15,7)    0.000000(15,8)    0.000000(15,9)    0.000000(15,10)    0.000000(15,11)    0.000000(15,12)    0.001042(15,13)    0.027083(15,14)    0.068750(15,15)    0.027083(15,16)    0.001042(15,17)    0.000000(15,18)    0.000000(15,19)    0.000000(15,20)    0.000000(15,21)    0.000000(15,22)    0.000000(15,23)    0.000000(15,24)    0.000000(15,25)
          16    0.000000(16,0)    0.000000(16,1)    0.000000(16,2)    0.000000(16,3)    0.000000(16,4)    0.000000(16,5)    0.000000(16,6)    0.000000(16,7)    0.000000(16,8)    0.000000(16,9)    0.000000(16,10)    0.000000(16,11)    0.000000(16,12)    0.000000(16,13)    0.001042(16,14)    0.027083(16,15)    0.068750(16,16)    0.027083(16,17)    0.001042(16,18)    0.000000(16,19)    0.000000(16,20)    0.000000(16,21)    0.000000(16,22)    0.000000(16,23)    0.000000(16,24)    0.000000(16,25)
          17    0.000000(17,0)    0.000000(17,1)    0.000000(17,2)    0.000000(17,3)    0.000000(17,4)    0.000000(17,5)    0.000000(17,6)    0.000000(17,7)    0.000000(17,8)    0.000000(17,9)    0.000000(17,10)    0.000000(17,11)    0.000000(17,12)    0.000000(17,13)    0.000000(17,14)    0.001042(17,15)    0.027083(17,16)    0.068750(17,17)    0.027083(17,18)    0.001042(17,19)    0.000000(17,20)    0.000000(17,21)    0.000000(17,22)    0.000000(17,23)    0.000000(17,24)    0.000000(17,25)
          18    0.000000(18,0)    0.000000(18,1)    0.000000(18,2)    0.000000(18,3)    0.000000(18,4)    0.000000(18,5)    0.000000(18,6)    0.000000(18,7)    0.000000(18,8)    0.000000(18,9)    0.000000(18,10)    0.000000(18,11)    0.000000(18,12)    0.000000(18,13)    0.000000(18,14)    0.000000(18,15)    0.001042(18,16)    0.027083(18,17)    0.068750(18,18)    0.027083(18,19)    0.001042(18,20)    0.000000(18,21)    0.000000(18,22)    0.000000(18,23)    0.000000(18,24)    0.000000(18,25)
          19    0.000000(19,0)    0.000000(19,1)    0.000000(19,2)    0.000000(19,3)    0.000000(19,4)    0.000000(19,5)    0.000000(19,6)    0.000000(19,7)    0.000000(19,8)    0.000000(19,9)    0.000000(19,10)    0.000000(19,11)    0.000000(19,12)    0.000000(19,13)    0.000000(19,14)    0.000000(19,15)    0.000000(19,16)    0.001042(19,17)    0.027083(19,18)    0.068750(19,19)    0.027083(19,20)    0.001042(19,21)    0.000000(19,22)    0.000000(19,23)    0.000000(19,24)    0.000000(19,25)
          20    0.000000(20,0)    0.000000(20,1)    0.000000(20,2)    0.000000(20,3)    0.000000(20,4)    0.000000(20,5)    0.000000(20,6)    0.000000(20,7)    0.000000(20,8)    0.000000(20,9)    0.000000(20,10)    0.000000(20,11)    0.000000(20,12)    0.000000(20,13)    0.000000(20,14)    0.000000(20,15)    0.000000(20,16)    0.000000(20,17)    0.001042(20,18)    0.027083(20,19)    0.068750(20,20)    0.027083(20,21)    0.001042(20,22)    0.000000(20,23)    0.000000(20,24)    0.000000(20,25)
          21    0.000000(21,0)    0.000000(21,1)    0.000000(21,2)    0.000000(21,3)    0.000000(21,4)    0.000000(21,5)    0.000000(21,6)    0.000000(21,7)    0.000000(21,8)    0.000000(21,9)    0.000000(21,10)    0.000000(21,11)    0.000000(21,12)    0.000000(21,13)    0.000000(21,14)    0.000000(21,15)    0.000000(21,16)    0.000000(21,17)    0.000000(21,18)    0.001042(21,19)    0.027083(21,20)    0.068750(21,21)    0.027083(21,22)    0.001042(21,23)    0.000000(21,24)    0.000000(21,25)
          22    0.000000(22,0)    0.000000(22,1)    0.000000(22,2)    0.000000(22,3)    0.000000(22,4)    0.000000(22,5)    0.000000(22,6)    0.000000(22,7)    0.000000(22,8)    0.000000(22,9)    0.000000(22,10)    0.000000(22,11)    0.000000(22,12)    0.000000(22,13)    0.000000(22,14)    0.000000(22,15)    0.000000(22,16)    0.000000(22,17)    0.000000(22,18)    0.000000(22,19)    0.001042(22,20)    0.027083(22,21)    0.068750(22,22)    0.027083(22,23)    0.001042(22,24)    0.000000(22,25)
          23    0.000000(23,0)    0.000000(23,1)    0.000000(23,2)    0.000000(23,3)    0.000000(23,4)    0.000000(23,5)    0.000000(23,6)    0.000000(23,7)    0.000000(23,8)    0.000000(23,9)    0.000000(23,10)    0.000000(23,11)    0.000000(23,12)    0.000000(23,13)    0.000000(23,14)    0.000000(23,15)    0.000000(23,16)    0.000000(23,17)    0.000000(23,18)    0.000000(23,19)    0.000000(23,20)    0.001042(23,21)    0.027083(23,22)    0.068750(23,23)    0.026042(23,24)    0.002083(23,25)
          24    0.000000(24,0)    0.000000(24,1)    0.000000(24,2)    0.000000(24,3)    0.000000(24,4)    0.000000(24,5)    0.000000(24,6)    0.000000(24,7)    0.000000(24,8)    0.000000(24,9)    0.000000(24,10)    0.000000(24,11)    0.000000(24,12)    0.000000(24,13)    0.000000(24,14)    0.000000(24,15)    0.000000(24,16)    0.000000(24,17)    0.000000(24,18)    0.000000(24,19)    0.000000(24,20)    0.000000(24,21)    0.001042(24,22)    0.026042(24,23)    0.041667(24,24)    0.014583(24,25)
          25    0.000000(25,0)    0.000000(25,1)    0.000000(25,2)    0.000000(25,3)    0.000000(25,4)    0.000000(25,5)    0.000000(25,6)    0.000000(25,7)    0.000000(25,8)    0.000000(25,9)    0.000000(25,10)    0.000000(25,11)    0.000000(25,12)    0.000000(25,13)    0.000000(25,14)    0.000000(25,15)    0.000000(25,16)    0.000000(25,17)    0.000000(25,18)    0.000000(25,19)    0.000000(25,20)    0.000000(25,21)    0.000000(25,22)    0.002083(25,23)    0.014583(25,24)    0.025000(25,25)
----------B vector----------
B(1,2)*f(x):0.008015
B(2,2)*f(x):0.044268
B(3,2)*f(x):0.106872
B(4,2)*f(x):0.106872
B(5,2)*f(x):0.044268
B(6,2)*f(x):-0.044268
B(7,2)*f(x):-0.106872
B(8,2)*f(x):-0.106872
B(9,2)*f(x):-0.044268
B(10,2)*f(x):0.044268
B(11,2)*f(x):0.106872
B(12,2)*f(x):0.106872
B(13,2)*f(x):0.044268
B(14,2)*f(x):-0.044268
B(15,2)*f(x):-0.106872
B(16,2)*f(x):-0.106872
B(17,2)*f(x):-0.044268
B(18,2)*f(x):0.044268
B(19,2)*f(x):0.106872
B(20,2)*f(x):0.106872
B(21,2)*f(x):0.044268
B(22,2)*f(x):-0.044268
B(23,2)*f(x):-0.106872
B(24,2)*f(x):-0.106872
B(25,2)*f(x):-0.044268
B(26,2)*f(x):-0.008015
----------X vector----------
X(0):-0.005098
X(1):0.415835
X(2):0.997459
X(3):0.998690
X(4):0.413362
X(5):-0.413451
X(6):-0.998353
X(7):-0.998311
X(8):-0.413525
X(9):0.413522
X(10):0.998323
X(11):0.998324
X(12):0.413519
X(13):-0.413519
X(14):-0.998324
X(15):-0.998323
X(16):-0.413522
X(17):0.413525
X(18):0.998311
X(19):0.998353
X(20):0.413451
X(21):-0.413362
X(22):-0.998690
X(23):-0.997459
X(24):-0.415835
X(25):0.005098
