xi			f(xi)	  Bf(xi)
0.000000	0.000000	-0.005098
0.010000	0.062791	0.061419
0.020000	0.125333	0.126270
0.030000	0.187381	0.189455
0.040000	0.248690	0.250975
0.050000	0.309017	0.310829
0.060000	0.368125	0.369018
0.070000	0.425779	0.425541
0.080000	0.481754	0.480399
0.090000	0.535827	0.533591
0.100000	0.587785	0.585117
0.110000	0.637424	0.634978
0.120000	0.684547	0.683174
0.130000	0.728969	0.729448
0.140000	0.770513	0.772263
0.150000	0.809017	0.811364
0.160000	0.844328	0.846750
0.170000	0.876307	0.878422
0.180000	0.904827	0.906380
0.190000	0.929776	0.930623
0.200000	0.951057	0.951151
0.210000	0.968583	0.967965
0.220000	0.982287	0.981064
0.230000	0.992115	0.990449
0.240000	0.998027	0.996119
0.250000	1.000000	0.998075
0.260000	0.998027	0.996296
0.270000	0.992115	0.990764
0.280000	0.982287	0.981477
0.290000	0.968583	0.968437
0.300000	0.951057	0.951643
0.310000	0.929776	0.931094
0.320000	0.904827	0.906792
0.330000	0.876307	0.878735
0.340000	0.844328	0.846925
0.350000	0.809017	0.811361
0.360000	0.770513	0.772042
0.370000	0.728969	0.728970
0.380000	0.684547	0.682420
0.390000	0.637424	0.634048
0.400000	0.587785	0.584131
0.410000	0.535827	0.532668
0.420000	0.481754	0.479660
0.430000	0.425779	0.425106
0.440000	0.368125	0.369006
0.450000	0.309017	0.311362
0.460000	0.248690	0.252171
0.470000	0.187381	0.191436
0.480000	0.125333	0.129154
0.490000	0.062791	0.065327
0.500000	-0.000000	-0.000045
0.510000	-0.062791	-0.065416
0.520000	-0.125333	-0.129239
0.530000	-0.187381	-0.191513
0.540000	-0.248690	-0.252239
0.550000	-0.309017	-0.311417
0.560000	-0.368125	-0.369047
0.570000	-0.425779	-0.425129
0.580000	-0.481754	-0.479662
0.590000	-0.535827	-0.532647
0.600000	-0.587785	-0.584084
0.610000	-0.637424	-0.633972
0.620000	-0.684547	-0.682313
0.630000	-0.728969	-0.728830
0.640000	-0.770513	-0.771879
0.650000	-0.809017	-0.811184
0.660000	-0.844328	-0.846745
0.670000	-0.876307	-0.878563
0.680000	-0.904827	-0.906636
0.690000	-0.929776	-0.930967
0.700000	-0.951057	-0.951553
0.710000	-0.968583	-0.968396
0.720000	-0.982287	-0.981496
0.730000	-0.992115	-0.990852
0.740000	-0.998027	-0.996464
0.750000	-1.000000	-0.998332
0.760000	-0.998027	-0.996458
0.770000	-0.992115	-0.990841
0.780000	-0.982287	-0.981481
0.790000	-0.968583	-0.968380
0.800000	-0.951057	-0.951536
0.810000	-0.929776	-0.930950
0.820000	-0.904827	-0.906621
0.830000	-0.876307	-0.878550
0.840000	-0.844328	-0.846736
0.850000	-0.809017	-0.811180
0.860000	-0.770513	-0.771882
0.870000	-0.728969	-0.728842
0.880000	-0.684547	-0.682333
0.890000	-0.637424	-0.633999
0.900000	-0.587785	-0.584115
0.910000	-0.535827	-0.532681
0.920000	-0.481754	-0.479696
0.930000	-0.425779	-0.425161
0.940000	-0.368125	-0.369075
0.950000	-0.309017	-0.311439
0.960000	-0.248690	-0.252253
0.970000	-0.187381	-0.191516
0.980000	-0.125333	-0.129228
0.990000	-0.062791	-0.065390
1.000000	0.000000	-0.000002
1.010000	0.062791	0.065387
1.020000	0.125333	0.129225
1.030000	0.187381	0.191513
1.040000	0.248690	0.252250
1.050000	0.309017	0.311437
1.060000	0.368125	0.369074
1.070000	0.425779	0.425160
1.080000	0.481754	0.479696
1.090000	0.535827	0.532682
1.100000	0.587785	0.584117
1.110000	0.637424	0.634002
1.120000	0.684547	0.682336
1.130000	0.728969	0.728846
1.140000	0.770513	0.771888
1.150000	0.809017	0.811186
1.160000	0.844328	0.846742
1.170000	0.876307	0.878556
1.180000	0.904827	0.906626
1.190000	0.929776	0.930954
1.200000	0.951057	0.951539
1.210000	0.968583	0.968381
1.220000	0.982287	0.981481
1.230000	0.992115	0.990838
1.240000	0.998027	0.996452
1.250000	1.000000	0.998324
1.260000	0.998027	0.996452
1.270000	0.992115	0.990838
1.280000	0.982287	0.981482
1.290000	0.968583	0.968382
1.300000	0.951057	0.951540
1.310000	0.929776	0.930955
1.320000	0.904827	0.906627
1.330000	0.876307	0.878556
1.340000	0.844328	0.846743
1.350000	0.809017	0.811187
1.360000	0.770513	0.771888
1.370000	0.728969	0.728846
1.380000	0.684547	0.682336
1.390000	0.637424	0.634001
1.400000	0.587785	0.584116
1.410000	0.535827	0.532681
1.420000	0.481754	0.479695
1.430000	0.425779	0.425159
1.440000	0.368125	0.369073
1.450000	0.309017	0.311437
1.460000	0.248690	0.252250
1.470000	0.187381	0.191513
1.480000	0.125333	0.129226
1.490000	0.062791	0.065388
1.500000	-0.000000	-0.000000
1.510000	-0.062791	-0.065388
1.520000	-0.125333	-0.129226
1.530000	-0.187381	-0.191513
1.540000	-0.248690	-0.252250
1.550000	-0.309017	-0.311437
1.560000	-0.368125	-0.369073
1.570000	-0.425779	-0.425159
1.580000	-0.481754	-0.479695
1.590000	-0.535827	-0.532681
1.600000	-0.587785	-0.584116
1.610000	-0.637424	-0.634001
1.620000	-0.684547	-0.682336
1.630000	-0.728969	-0.728846
1.640000	-0.770513	-0.771888
1.650000	-0.809017	-0.811187
1.660000	-0.844328	-0.846743
1.670000	-0.876307	-0.878556
1.680000	-0.904827	-0.906627
1.690000	-0.929776	-0.930955
1.700000	-0.951057	-0.951540
1.710000	-0.968583	-0.968382
1.720000	-0.982287	-0.981482
1.730000	-0.992115	-0.990838
1.740000	-0.998027	-0.996452
1.750000	-1.000000	-0.998324
1.760000	-0.998027	-0.996452
1.770000	-0.992115	-0.990838
1.780000	-0.982287	-0.981481
1.790000	-0.968583	-0.968381
1.800000	-0.951057	-0.951539
1.810000	-0.929776	-0.930954
1.820000	-0.904827	-0.906626
1.830000	-0.876307	-0.878556
1.840000	-0.844328	-0.846742
1.850000	-0.809017	-0.811186
1.860000	-0.770513	-0.771888
1.870000	-0.728969	-0.728846
1.880000	-0.684547	-0.682336
1.890000	-0.637424	-0.634002
1.900000	-0.587785	-0.584117
1.910000	-0.535827	-0.532682
1.920000	-0.481754	-0.479696
1.930000	-0.425779	-0.425160
1.940000	-0.368125	-0.369074
1.950000	-0.309017	-0.311437
1.960000	-0.248690	-0.252250
1.970000	-0.187381	-0.191513
1.980000	-0.125333	-0.129225
1.990000	-0.062791	-0.065387
2.000000	0.000000	0.000002
2.010000	0.062791	0.065390
2.020000	0.125333	0.129228
2.030000	0.187381	0.191516
2.040000	0.248690	0.252253
2.050000	0.309017	0.311439
2.060000	0.368125	0.369075
2.070000	0.425779	0.425161
2.080000	0.481754	0.479696
2.090000	0.535827	0.532681
2.100000	0.587785	0.584115
2.110000	0.637424	0.633999
2.120000	0.684547	0.682333
2.130000	0.728969	0.728842
2.140000	0.770513	0.771882
2.150000	0.809017	0.811180
2.160000	0.844328	0.846736
2.170000	0.876307	0.878550
2.180000	0.904827	0.906621
2.190000	0.929776	0.930950
2.200000	0.951057	0.951536
2.210000	0.968583	0.968380
2.220000	0.982287	0.981481
2.230000	0.992115	0.990841
2.240000	0.998027	0.996458
2.250000	1.000000	0.998332
2.260000	0.998027	0.996464
2.270000	0.992115	0.990852
2.280000	0.982287	0.981496
2.290000	0.968583	0.968396
2.300000	0.951057	0.951553
2.310000	0.929776	0.930967
2.320000	0.904827	0.906636
2.330000	0.876307	0.878563
2.340000	0.844328	0.846745
2.350000	0.809017	0.811184
2.360000	0.770513	0.771879
2.370000	0.728969	0.728830
2.380000	0.684547	0.682313
2.390000	0.637424	0.633972
2.400000	0.587785	0.584084
2.410000	0.535827	0.532647
2.420000	0.481754	0.479662
2.430000	0.425779	0.425129
2.440000	0.368125	0.369047
2.450000	0.309017	0.311417
2.460000	0.248690	0.252239
2.470000	0.187381	0.191513
2.480000	0.125333	0.129239
2.490000	0.062791	0.065416
2.500000	0.000000	0.000045
2.510000	-0.062791	-0.065327
2.520000	-0.125333	-0.129154
2.530000	-0.187381	-0.191436
2.540000	-0.248690	-0.252171
2.550000	-0.309017	-0.311362
2.560000	-0.368125	-0.369006
2.570000	-0.425779	-0.425106
2.580000	-0.481754	-0.479660
2.590000	-0.535827	-0.532668
2.600000	-0.587785	-0.584131
2.610000	-0.637424	-0.634048
2.620000	-0.684547	-0.682420
2.630000	-0.728969	-0.728970
2.640000	-0.770513	-0.772042
2.650000	-0.809017	-0.811361
2.660000	-0.844328	-0.846925
2.670000	-0.876307	-0.878735
2.680000	-0.904827	-0.906792
2.690000	-0.929776	-0.931094
2.700000	-0.951057	-0.951643
2.710000	-0.968583	-0.968437
2.720000	-0.982287	-0.981477
2.730000	-0.992115	-0.990764
2.740000	-0.998027	-0.996296
2.750000	-1.000000	-0.998075
2.760000	-0.998027	-0.996119
2.770000	-0.992115	-0.990449
2.780000	-0.982287	-0.981064
2.790000	-0.968583	-0.967965
2.800000	-0.951057	-0.951151
2.810000	-0.929776	-0.930623
2.820000	-0.904827	-0.906380
2.830000	-0.876307	-0.878422
2.840000	-0.844328	-0.846750
2.850000	-0.809017	-0.811364
2.860000	-0.770513	-0.772263
2.870000	-0.728969	-0.729448
2.880000	-0.684547	-0.683174
2.890000	-0.637424	-0.634978
2.900000	-0.587785	-0.585117
2.910000	-0.535827	-0.533591
2.920000	-0.481754	-0.480399
2.930000	-0.425779	-0.425541
2.940000	-0.368125	-0.369018
2.950000	-0.309017	-0.310829
2.960000	-0.248690	-0.250975
2.970000	-0.187381	-0.189455
2.980000	-0.125333	-0.126270
2.990000	-0.062791	-0.061419
3.000000	-0.000000	0.005098
