Quadrature Points
		 Xq1   Xq2   Xq3   Xq4   
[0,1] 0.0694 0.3300 0.6700 0.9306 
[1,2] 1.0694 1.3300 1.6700 1.9306 
[2,3] 2.0694 2.3300 2.6700 2.9306 
[3,4] 3.0694 3.3300 3.6700 3.9306 
[4,5] 4.0694 4.3300 4.6700 4.9306 

Bi,j(Xq)

[0,1] 
		 Xq1   Xq2   Xq3   Xq4   
B(1,2) 0.8660 0.4489 0.1089 0.0048 
B(2,2) 0.1316 0.4967 0.6667 0.5622 
B(3,2) 0.0024 0.0545 0.2244 0.4330 
B(4,2) 0.0000 0.0000 0.0000 0.0000 
B(5,2) 0.0000 0.0000 0.0000 0.0000 
B(6,2) 0.0000 0.0000 0.0000 0.0000 
B(7,2) 0.0000 0.0000 0.0000 0.0000 

[1,2] 
		 Xq1   Xq2   Xq3   Xq4   
B(1,2) 0.0000 0.0000 0.0000 0.0000 
B(2,2) 0.4330 0.2244 0.0545 0.0024 
B(3,2) 0.5646 0.7211 0.7211 0.5646 
B(4,2) 0.0024 0.0545 0.2244 0.4330 
B(5,2) 0.0000 0.0000 0.0000 0.0000 
B(6,2) 0.0000 0.0000 0.0000 0.0000 
B(7,2) 0.0000 0.0000 0.0000 0.0000 

[2,3] 
		 Xq1   Xq2   Xq3   Xq4   
B(1,2) 0.0000 0.0000 0.0000 0.0000 
B(2,2) 0.0000 0.0000 0.0000 0.0000 
B(3,2) 0.4330 0.2244 0.0545 0.0024 
B(4,2) 0.5646 0.7211 0.7211 0.5646 
B(5,2) 0.0024 0.0545 0.2244 0.4330 
B(6,2) 0.0000 0.0000 0.0000 0.0000 
B(7,2) 0.0000 0.0000 0.0000 0.0000 

[3,4] 
		 Xq1   Xq2   Xq3   Xq4   
B(1,2) 0.0000 0.0000 0.0000 0.0000 
B(2,2) 0.0000 0.0000 0.0000 0.0000 
B(3,2) 0.0000 0.0000 0.0000 0.0000 
B(4,2) 0.4330 0.2244 0.0545 0.0024 
B(5,2) 0.5646 0.7211 0.7211 0.5646 
B(6,2) 0.0024 0.0545 0.2244 0.4330 
B(7,2) 0.0000 0.0000 0.0000 0.0000 

[4,5] 
		 Xq1   Xq2   Xq3   Xq4   
B(1,2) 0.0000 0.0000 0.0000 0.0000 
B(2,2) 0.0000 0.0000 0.0000 0.0000 
B(3,2) 0.0000 0.0000 0.0000 0.0000 
B(4,2) 0.0000 0.0000 0.0000 0.0000 
B(5,2) 0.4330 0.2244 0.0545 0.0024 
B(6,2) 0.5622 0.6667 0.4967 0.1316 
B(7,2) 0.0048 0.1089 0.4489 0.8660 


Wi * Bi,j(Xq)

[0,1] 
		 Xq1   Xq2   Xq3   Xq4   
B(1,2) 0.3012 0.2927 0.0710 0.0017 
B(2,2) 0.0458 0.3239 0.4348 0.1956 
B(3,2) 0.0008 0.0355 0.1464 0.1506 
B(4,2) 0.0000 0.0000 0.0000 0.0000 
B(5,2) 0.0000 0.0000 0.0000 0.0000 
B(6,2) 0.0000 0.0000 0.0000 0.0000 
B(7,2) 0.0000 0.0000 0.0000 0.0000 

[1,2] 
		 Xq1   Xq2   Xq3   Xq4   
B(1,2) 0.0000 0.0000 0.0000 0.0000 
B(2,2) 0.1506 0.1464 0.0355 0.0008 
B(3,2) 0.1964 0.4703 0.4703 0.1964 
B(4,2) 0.0008 0.0355 0.1464 0.1506 
B(5,2) 0.0000 0.0000 0.0000 0.0000 
B(6,2) 0.0000 0.0000 0.0000 0.0000 
B(7,2) 0.0000 0.0000 0.0000 0.0000 

[2,3] 
		 Xq1   Xq2   Xq3   Xq4   
B(1,2) 0.0000 0.0000 0.0000 0.0000 
B(2,2) 0.0000 0.0000 0.0000 0.0000 
B(3,2) 0.1506 0.1464 0.0355 0.0008 
B(4,2) 0.1964 0.4703 0.4703 0.1964 
B(5,2) 0.0008 0.0355 0.1464 0.1506 
B(6,2) 0.0000 0.0000 0.0000 0.0000 
B(7,2) 0.0000 0.0000 0.0000 0.0000 

[3,4] 
		 Xq1   Xq2   Xq3   Xq4   
B(1,2) 0.0000 0.0000 0.0000 0.0000 
B(2,2) 0.0000 0.0000 0.0000 0.0000 
B(3,2) 0.0000 0.0000 0.0000 0.0000 
B(4,2) 0.1506 0.1464 0.0355 0.0008 
B(5,2) 0.1964 0.4703 0.4703 0.1964 
B(6,2) 0.0008 0.0355 0.1464 0.1506 
B(7,2) 0.0000 0.0000 0.0000 0.0000 

[4,5] 
		 Xq1   Xq2   Xq3   Xq4   
B(1,2) 0.0000 0.0000 0.0000 0.0000 
B(2,2) 0.0000 0.0000 0.0000 0.0000 
B(3,2) 0.0000 0.0000 0.0000 0.0000 
B(4,2) 0.0000 0.0000 0.0000 0.0000 
B(5,2) 0.1506 0.1464 0.0355 0.0008 
B(6,2) 0.1956 0.4348 0.3239 0.0458 
B(7,2) 0.0017 0.0710 0.2927 0.3012 


Sum for every interval:

[0,1]: 1.0000
[1,2]: 1.0000
[2,3]: 1.0000
[3,4]: 1.0000
[4,5]: 1.0000
